C:\Anaconda3\python.exe C:/pythonSC/twitter_User
Screen Name - USAforTrump2016 (Official Trump Campaign Account)
Description - Official USA for Trump 2016  🇺🇸Our Geofilter campaign is now live! Donate today and help us win in November! Go Trump!
Followers - 48139
Status Count - 9563
User URL - https://t.co/Sz5JCX9Q1h
Friends [19211550, 3981225735, 3118705906, 202814670, 28628850, 16163639, 2465207048, 2645181774, 292777349, 3327736274, 416016530, 4510755552, 1067182676, 282695161, 39334221, 48223726, 774742230691094528, 76543481, 4764686473, 273542042, 3410972164, 2288462990, 2853461537, 35039490, 209811713, 32707036, 2728672957, 312653402, 118784158, 266894776, 18279320, 15416505, 770781940341288960, 468646961, 4416515373, 31540671, 2916305152, 1209417007, 342887079, 231592153, 127941629, 47975734, 164070785, 313038011, 240454812, 36528126, 8953122, 2471692340, 4307845348, 18951125, 166751745, 715595673681338368, 5820642, 82504071, 2149651044, 84457849, 765722067501195264, 55351351, 18247062, 272107377, 1648843386, 358006156, 3154508072, 20094138, 1917731, 1347285918, 402807652, 720293443260456960, 746158854212198402, 4380273612, 471672239, 18637396, 39000115, 17243733, 20713061, 91882544, 4955031, 108465379, 3449767582, 711593583644545024, 70024758, 14455403, 14412533, 5509762, 3579967094, 473654129, 345647251, 1606436414, 735625699550072832, 701825647, 50769180, 1084375028, 14839147, 462104542, 751871456640983042, 1129061124, 62876780, 28587919, 98535095, 35357544, 2908170952, 4489241953, 22203756, 754172337474379776, 1367531, 15985455, 237403203, 39308549, 16589206, 18166778, 385890189, 29547260, 2292074120, 4289460455, 154567275, 236610403, 18770083, 25924436, 2314391886, 65493023, 247723476, 358545917, 15738163, 16031927, 23970102, 52136185, 75541946, 52544275, 25429371, 245963716, 108471631, 20733972, 20776147, 17685258, 729676086632656900, 11134252, 110924703, 216722398, 720710699283046400, 993951428, 1391035928, 711188856943411200, 66019768, 16051471, 426917520, 27895304, 742479627592052736, 1684207818, 281610530, 119099353, 3383049855, 38308188, 3914047581, 121217779, 710990834972233728, 729064401823633408, 3289485169, 22537128, 2282740273, 21829541, 118845216, 706959926879334400, 219540733, 237348797, 743281492953038848, 743276900227887104, 743266902865215488, 743270047565684737, 743245746389065732, 731011142089236480, 25413556, 41634520, 4121225056, 29458079, 328878936, 82447359, 26487169, 4041824789, 39344374, 30084947, 291378352, 3284112337, 4145752282, 2352603978, 3410689588, 3677742792, 256780164, 299081304, 1323678140, 503987518, 274891222, 707025944389681152, 2903166449, 62965000, 154228382, 315994858, 3949709416, 3329715436, 343004367, 901903482, 454271978, 347627434, 710550537444265985, 3244724053, 182041997, 4832215993, 4898400250, 1426967479, 860066108, 2223798168, 1463989110, 27686745, 196168350, 4808718270, 4437772394, 258626999, 620571475, 33587133, 803399418, 1180379185, 28140646, 15110357, 428333, 5402612, 34713362, 25053299, 91478624, 3108351, 742143, 51241574, 1652541, 14293310, 807095, 14173315, 28785486, 2836421, 3408577941, 2680213915, 4890632512, 109065990, 1944182149, 3656965641, 1422164946, 3225760870, 33270656, 39349894, 486882714, 4625559136, 2884079135, 705566834913890305, 457984599, 14669951, 3415032597, 4105426217, 50691835, 18248053, 58208054, 2415343578, 47253057, 3688934786, 4761064634, 18643437, 14505245, 399745111, 3836008983, 4065970455, 316401797, 15540107, 3744122597, 3919134861, 19850687, 3314535722, 3677594795, 3709245494, 3503962453, 4921375660, 4642600275, 4726714763, 700722543997530112, 4346882714, 4862398219, 3280727766, 702291903673298944, 701844230692610048, 4895361413, 4624500980, 3424711689, 3293741005, 3430176958, 4795359535, 3946915763, 336638653, 2904475109, 4430503527, 702926544130301952, 705903629107126272, 3246686280, 705902646406750208, 2499779796, 376458353, 705888258228678656, 25073877]
302
48138 more followers
[3981225735, 3118705906, 202814670, 28628850, 16163639, 2465207048, 2645181774, 292777349, 3327736274, 416016530, 4510755552, 1067182676, 282695161, 39334221, 48223726, 774742230691094528, 76543481, 4764686473, 273542042, 3410972164] friend_id
<map object at 0x0000020393E8FEF0> friend_name
[1304431908, 489980288, 3321845490, 4892932359, 1049439648, 759039223458590720, 380434824, 1655744148, 3002099649, 3180931764, 487745202, 753676576202436609, 45192612, 3036297180, 2954362544, 24190527, 52990524, 776883346047692800, 533644766, 313366018] follower_id
<map object at 0x0000020393EBC438> follower_name
+--------------------+-----------------+
|         id         |       name      |
+--------------------+-----------------+
|     3118705906     |  joshgremillion |
|     202814670      |  MAGA_dot_Media |
|      28628850      |   greggutfeld   |
|      16163639      |     NolteNC     |
|     2465207048     |   BennettJonah  |
|     2645181774     |      NYPDCT     |
|     292777349      |       pzf       |
|     3327736274     |  AngelTilaLove  |
|     416016530      |     MikeMa_     |
|     4510755552     |     _Makada_    |
|     1067182676     |    T_hale1010   |
|     282695161      | WayneDupreeShow |
|      39334221      | pastormarkburns |
|      48223726      |   TrumpChicago  |
| 774742230691094528 | Deplorables4DJT |
|      76543481      |     BorisEP     |
|     4764686473     | KeithSchiller45 |
|     273542042      | therealroseanne |
|     3410972164     |   VanessaTreft  |
+--------------------+-----------------+
+--------------------+-----------------+
|         id         |       name      |
+--------------------+-----------------+
|     489980288      |   saradispigno  |
|     3321845490     |     MMasesso    |
|     4892932359     | AgFCzM396dWYN7s |
|     1049439648     |    AKeller101   |
| 759039223458590720 |  milenkerchev1  |
|     380434824      |     raidnat     |
|     1655744148     |  madge_mcdonald |
|     3002099649     |  RealSonOfOryx  |
|     3180931764     | Ashleycerasuolo |
|     487745202      |  AndrewBayless  |
| 753676576202436609 |   kimdailybuzz  |
|      45192612      |   thornedella   |
|     3036297180     |    916Birdman   |
|     2954362544     |  Edmond_Estrada |
|      24190527      |   BunkerBlast   |
|      52990524      |   IDroppBombs   |
| 776883346047692800 |     talk_74     |
|     533644766      |     Oneil1B     |
|     313366018      |    Granny7Sue   |
+--------------------+-----------------+
157
+--------------------+-----------------+
|         id         |       name      |
+--------------------+-----------------+
| 711593583644545024 |   willspeakout  |
| 746158854212198402 |  trumpflorida16 |
|     166751745      |  RyanAFournier  |
|     3410972164     |   VanessaTreft  |
| 715595673681338368 | victoriafromDTX |
| 735625699550072832 |   kirbyREGATED  |
| 743245746389065732 |  OHforTrump2016 |
|      27895304      |     heytana     |
|     3656965641     | harrisonterri55 |
|     3424711689     | TrumpetingTrump |
|     3836008983     |  PlaysTrumpCard |
|     1391035928     |    JustinCap_   |
|     2884079135     |   drzevetchin   |
|      91882544      |   DineshDSouza  |
|     2282740273     | Lcourseteach4yo |
|     3410689588     |  FrenchForTrump |
|     3709245494     |  USATrustTrump  |
|     1606436414     |   jerrybascuk   |
|      47253057      |  RogerJStoneJr  |
|     3246686280     |    woon04071    |
|     1067182676     |    T_hale1010   |
|     399745111      |    HorseShort   |
|     299081304      |     idebbie1    |
|     3914047581     |  Italians4Trump |
|     4625559136     |    Danielle9g   |
|     2149651044     |   I_AmAmerica   |
|     3225760870     | Red_White__Blue |
|     4430503527     |  TrumpPenceUSA1 |
|     3949709416     |      caf514     |
|     4437772394     | DirtyBlckPistol |
|     376458353      |     RevRiley    |
|     901903482      |    OmaTalley1   |
|     3383049855     |    Kotcha301    |
| 710990834972233728 |   Always_Trump  |
| 729064401823633408 |  B4size25paper  |
|     316401797      |     Bohoover    |
| 710550537444265985 |   Billrollins6  |
| 705566834913890305 |  joshdunlap1974 |
|     2292074120     |   RonSantoFan   |
+--------------------+-----------------+ mutual friends

Process finished with exit code 0
